, · ,1111111111 · 11
, 1611, 661661 611011111161161116626 569. 6111111111

11111 11611111, 61111 111 1611161111 1111 81611111 1111611
Μ1111ι einen θρόμβον 6 ἵματος 11111111 6161. Feruor
116111 11, 6111 ich κρατεῖν τινὰ in 1111116111 riclam*
11111111 1111161111. Da 66 111 6111 11111111,,,166 611
6111111111 11 11111 11116 611111 6116166111ῑό 6611111611
hatte: „6 6. die 1611 611 6111161 6611611111611111
1116 111111 mit 6111 6111111161Μ616111111111111111111 11
1166 jeder 61111 1611 1111111111 6111111111 11 1161611111
11111111, 1116 1161111116 1111111111, 6111 66 1111111 6116611

·. ¹ 11111. 16111111166111611, 61116611116111111111111

, 111 Haupt 11116 111111 11111 6111661111 1611 Μ616111
ἱ 11111111, 611 61111 6116 11111 1111 1111 61111111 66116111,
11661 16111111 111111 11111111 116 11611111 6611161 111,
11111611 [1161111116 66 6666 111611 11661161611111111,
11161111 116 111 61161111111111111111611111111111111161111611 ,

, 1111111116,11111616111111111111111 guttam 1111111

pedem 1111111111 Das ist 11111 168111111611111111611
61111 111111116111111111161661111111. 1111116611 1111-
6111 1166611166, 11611161166,66 6111111111 1161161611
Μ6161111166111111 11611,666116111161111116111611111.

1173. 0111111 11116 Pylades μητρὸς νεοφόνοις ἐν 6666- „ ‚

σιν πεφυρμένοι 11111111 werden, 11111111 166 6116 11161
611 611 6611 6111 Ε6111611 1611611611 661611 111116- ’
1111111 61611111 eine 1611111111611 111611Β111611ἱ611111
. 611Μ11111111161611111111111116116661611. 1611111161 ‘

’(1161111111116111111 11116 1111111Μ111111Μ11111111 66111111 · ·

6111611111 11111, 1116111 611 16111 111116116111111111111111,
1611116111 111111 6111 Apollo, der 161111 666 0111111 ,
1111111111 111,61 1116161111, 111 61111 (111661 aber, 11111

111 Athen 1161111111 werden 11111, 66111116 1111166111- ,¹

’ 61111161111111.Η,111Μ61111111111111166111611111161,Ι
611 ioh 111611 1111116161,11116 mir in 611 611111 111111-
111111611. 611 das 16 6111111 11 6111111161 6161616161
ich 1111 nicht 61111111 1161111111 611111 ioh lasse Ja 611
6111111111 166 16111 61116116611611161111111, 6111611116
166 611 161111 1111161161 Μ11616611 616Μ61611111-
’ 11111111. 16111116 6611111611, 66 6161611 Β111111-
111161116110111111111111611161111111611111 ,

 

